0:1,2,3,33,45,24,44,6
1:2,3,23
2:3,4,5,6
3:1,2,3,4
4:1,3,44,22,6
5:3,4,12,34
6:4,5,6,7
7:3,4,5,6,23,45,8,22
8:2,5,6,7,9,0
9:3,4,5,8,34,50,11,43
10:0,1,5,6,7,9,50
11:3,5,34,23,45,2,34,50,12,33,22,36,28,36,26,49
12:3,5,45,30,50
13:10,20,30,50
14:5,12,34,46
15:6,37,47,49,50
16:14,23,27,28
17:3,12,17,19,40
18:23,45,49,50
19:2,18,24,29,30,32,33,35,36,38,50
20:7,8,9,10,14,17,20,44,49
21:9,13,17,14,25,27,29,30,36,38,41,42,47,45
22:32,42,22,23,43,6
23:22,33,44,50,10,11,2,1,0
24:3,34,5,3,7,8,9,12,47,34,43,32
25:34,32,36,43,22,27,5
26:33,5,23,34,32,11,12,23,43,23,24,5
27:32,34,45,22,33,44,12,14,16,19,20,0
28:2,3,4,6,8,32,12,44,5,34,31,23,35
29:3,4,5,7,2,44,22,29,30,37,38,26,25,23
30:32,34,36,39,12,23,45
31:2,23,4,5,6,34,23,11,21,12,13,27,35,16
32:23,45,35,29,37,47,49,27,32,33,48
33:34,1,2,6,7,8,16,14,19,20,44,45,42,43,19
34:44,33,21,22,34,5,32,50,32,12,31,43,29,28
35:44,17,8,18,2,13,12,4,6,26,45,34,39
36:42,1,2,4,7,8,9,5,11,33,44,50,12,48,49
37:13,23,45,5,25,4,5,6,7,3,16,7,17,10,9
38:4,7,8,12,19,20,5,13,30,29,40
39:45,32,12,34,23,5,6,12,3,4,6,17,8,18,33,23,14,44,50,30,40,20,10
40:43,45,6,22,4,5,6,7,32,12,11,10,25,37,48,39
41:3,34,5,6,7,32,22,27,8,29,27,13,19,17
42:45,6,3,2,6,16,33,5,22,34,17,18,38,32,25
43:44,5,3,10,3,20,30,40,34,13,19,45,7,33
44:5,6,7,12,14,15,19,20,24,2,6,35,28,33,38,23
45:4,3,45,6,7,12,34,44,27,8,34,23,12,33,44,24,0
46:12,34,5,23,26,27,28,34,36,38,13,45,35
47:45,17,46,39,50,30,20,10,45,3,4,22,4,5,23,45,0
48:34,12,3,45,6,7,34,23,12,18,39,38,36,35,13,18,16,1,16,26,0
49:5,6,7,2,4,23,45,22,34,40,23,20,10,45,18,16,20,47,30,24,45,48,44,21
50:21,34,2,1,4,6,24,28,46,43,23,5,7,44,23,28,22,39,29,37,36,26,48,46,35,43,44,42,30,20,10,22,11,44,33,47,38,14,18,15,13,17
